# This file may be used to create an environment using:
# $ conda create --name <env> --file <this file>
# platform: win-64
# created-by: conda 24.11.1
annotated-types=0.6.0=py312haa95532_0
anyio=4.6.2=py312haa95532_0
blas=1.0=mkl
bzip2=1.0.8=h2bbff1b_6
ca-certificates=2024.11.26=haa95532_0
certifi=2024.12.14=py312haa95532_0
cffi=1.17.1=py312h827c3e9_0
click=8.1.7=py312haa95532_0
colorama=0.4.6=py312haa95532_0
cryptography=43.0.3=py312hbd6ee87_1
dnspython=2.4.2=py312haa95532_0
email-validator=2.2.0=pyhd8ed1ab_1
email_validator=2.2.0=hd8ed1ab_1
expat=2.6.4=h8ddb27b_0
fastapi=0.115.6=pyhd8ed1ab_0
fastapi-cli=0.0.7=pyhd8ed1ab_0
h11=0.14.0=py312haa95532_0
httpcore=1.0.2=py312haa95532_0
httptools=0.6.4=py312h827c3e9_0
httpx=0.27.0=py312haa95532_0
icc_rt=2022.1.0=h6049295_2
idna=3.7=py312haa95532_0
intel-openmp=2023.1.0=h59b6b97_46320
jinja2=3.1.4=py312haa95532_1
joblib=1.4.2=py312haa95532_0
libexpat=2.6.4=he0c23c2_0
libffi=3.4.4=hd77b12b_1
libsqlite=3.47.2=h67fdade_0
libzlib=1.2.13=h2466b09_6
llvmlite=0.43.0=py312hf2fb9eb_0
markdown-it-py=2.2.0=py312haa95532_1
markupsafe=2.1.3=py312h2bbff1b_0
mdurl=0.1.0=py312haa95532_0
mkl=2023.1.0=h6b88ed4_46358
mkl-service=2.4.0=py312h2bbff1b_1
mkl_fft=1.3.11=py312h827c3e9_0
mkl_random=1.2.8=py312h0158946_0
numba=0.60.0=py312h0158946_0
numpy=1.26.4=py312hfd52020_0
numpy-base=1.26.4=py312h4dde369_0
openssl=3.4.0=h2466b09_0
pip=24.2=py312haa95532_0
pycparser=2.21=pyhd3eb1b0_0
pydantic=2.10.3=py312haa95532_0
pydantic-core=2.27.1=py312h636fa0f_0
pygments=2.15.1=py312haa95532_1
pynndescent=0.5.10=py312haa95532_0
python=3.12.3=h2628c8c_0_cpython
python-dotenv=0.21.0=py312haa95532_0
python-multipart=0.0.9=py312haa95532_0
python_abi=3.12=5_cp312
pyyaml=6.0.2=py312h827c3e9_0
rich=13.9.4=py312haa95532_0
rich-toolkit=0.11.3=pyh29332c3_0
scikit-learn=1.5.2=py312h585ebfc_0
scipy=1.14.1=py312h9d85e7c_0
setuptools=75.1.0=py312haa95532_0
shellingham=1.5.0=py312haa95532_0
sniffio=1.3.0=py312haa95532_0
sqlite=3.45.3=h2bbff1b_0
starlette=0.41.3=pyha770c72_1
tbb=2021.8.0=h59b6b97_0
threadpoolctl=3.5.0=py312hfc267ef_0
tk=8.6.14=h0416ee5_0
tqdm=4.66.5=py312hfc267ef_0
typer=0.15.1=pyhd8ed1ab_0
typer-slim=0.15.1=pyhd8ed1ab_0
typer-slim-standard=0.15.1=hd8ed1ab_0
typing-extensions=4.12.2=py312haa95532_0
typing_extensions=4.12.2=py312haa95532_0
tzdata=2024b=h04d1e81_0
ucrt=10.0.20348.0=haa95532_0
umap-learn=0.5.7=py312h2e8e312_0
uvicorn=0.32.1=py312haa95532_0
uvicorn-standard=0.32.1=py312haa95532_0
vc=14.40=haa95532_2
vc14_runtime=14.42.34433=he29a5d6_23
vs2015_runtime=14.42.34433=hdffcdeb_23
watchfiles=0.24.0=py312h636fa0f_2
websockets=10.4=py312h2bbff1b_1
wheel=0.44.0=py312haa95532_0
xz=5.4.6=h8cc25b3_1
yaml=0.2.5=he774522_0
zlib=1.2.13=h2466b09_6
